#
echo "++++++++++++++++++++++++++++++++++++++++++++++++++"
tgausslup -sdi 3 3 33 16 72 -24 -10 -57 -8 -4 -17 -359 281 85
##
echo "++++++++++++++++++++++++++++++++++++++++++++++++++"
tgausslup -sdi 3 3 60 15 12 20 15 20 30 20 30 1 1 1
#
echo "++++++++++++++++++++++++++++++++++++++++++++++++++"
tgausslup -sdi 3 3 30 20 15 60 30 20 20 15 12 1 1 1
#
echo "++++++++++++++++++++++++++++++++++++++++++++++++++"
tgausslup -sdi 3 3 60 30 20 30 20 15 20 15 12 1 1 1
#
echo "++++++++++++++++++++++++++++++++++++++++++++++++++"
tgausslup -sdi 3 3 33 16 72 -24 -10 -57 -8 -4 -17 -359 281 85
#
echo "++++++++++++++++++++++++++++++++++++++++++++++++++"
tgausslup -sdi 4 4 1 -2 3 1 -2 1 -2 -1 3 -2 1 5 1 -1 5 3 3 -4 7 8
#
echo "++++++++++++++++++++++++++++++++++++++++++++++++++"
tgausslup -sdi 4 4 5 7 6 5 7 10 8 7 6 8 10 9 5 7 9 10 23 32 33 31
#
exit 0
