
MU: 100.0
SIGMA: 30.0
N: 200

116
117
145
81
98
126
122
56
99
161
79
48
104
68
77
126
40
118
111
104
108
98
79
96
92
121
75
120
153
84
92
114
165
107
133
86
46
97
116
69
116
129
107
116
81
78
118
127
130
130
93
69
149
105
69
133
76
50
118
87
108
60
92
50
64
56
130
80
82
71
106
126
72
101
63
113
105
121
76
106
88
84
91
90
111
26
121
92
112
105
123
102
63
70
105
108
151
64
85
155
108
116
76
69
123
99
120
91
77
52
122
100
71
65
112
157
56
69
49
109
104
102
140
112
128
86
142
112
63
111
74
87
110
123
70
191
152
92
136
82
130
93
112
91
85
96
84
96
53
169
143
129
170
142
94
58
80
77
74
119
77
158
46
136
99
126
61
87
61
115
43
95
132
91
66
81
127
116
82
55
45
86
112
118
138
122
103
86
102
94
54
93
44
75
98
114
57
130
83
87
