
MU: 60.0
SIGMA: 20.0
N: 200

72
36
76
47
45
89
41
57
50
51
62
58
65
38
91
71
62
21
41
80
40
43
68
66
78
53
60
40
84
45
34
42
58
66
88
54
27
94
61
32
73
80
57
69
53
52
21
90
65
66
84
57
34
81
92
13
48
30
74
47
52
67
63
79
89
60
50
55
47
69
59
12
51
54
59
55
58
46
45
44
94
84
75
44
62
67
35
45
41
72
12
68
68
30
91
48
58
68
43
106
70
64
112
60
75
54
61
89
67
57
101
65
64
23
52
26
85
41
93
81
56
63
72
80
58
58
41
41
58
18
53
47
52
70
17
64
44
71
62
73
67
92
58
62
55
90
78
27
37
81
44
67
68
63
43
91
52
47
50
93
63
49
17
44
80
27
51
37
72
57
84
59
58
56
68
52
30
53
90
88
46
44
52
57
50
72
87
29
41
115
93
74
100
42
41
56
58
72
63
65
