
MU: 150.0
SIGMA: 20.0
N: 300

154
135
148
132
147
151
169
148
136
138
153
142
182
141
111
161
140
158
181
144
155
153
107
116
152
153
135
157
160
130
129
135
106
169
131
186
147
203
152
134
149
129
91
133
141
146
150
149
165
168
141
153
130
152
173
178
157
163
165
147
145
139
169
164
168
151
182
161
149
166
130
203
139
185
144
165
188
136
155
148
168
117
159
154
201
165
135
147
156
127
155
137
166
125
149
174
175
168
134
146
154
174
133
186
124
142
161
155
156
168
160
136
196
95
166
133
122
112
161
130
128
158
174
162
167
186
157
156
148
127
190
191
175
158
182
165
149
157
173
142
145
145
134
151
112
164
150
137
132
150
158
171
171
126
178
165
162
132
157
151
154
148
124
117
189
166
154
163
165
168
163
167
152
140
149
166
142
149
169
193
158
159
104
134
147
158
189
146
170
146
160
143
148
164
127
126
164
150
147
139
161
160
160
183
145
135
156
129
151
128
164
172
133
180
143
127
148
189
107
122
142
150
122
141
130
150
139
204
142
118
128
135
165
131
142
145
132
136
133
193
142
172
138
136
133
158
155
180
136
146
160
175
129
140
171
177
145
193
141
154
136
168
130
166
171
145
149
113
133
156
148
141
145
164
115
170
153
162
136
127
152
185
137
146
142
156
153
131
141
128
145
139
144
141
137
149
151
190
161
124
